Pressão ,L(cm),Volume,Erro_de_volume,Volume_inverso,Erro_volume_inverso
0.08,11.95,454.9103569670209,1.9212519017765748,0.2198235288963746,0.0009283947188259229
0.16,11.2,426.3594977431492,1.919089132212452,0.234543854492114,0.0010557066620202136
0.24,9.87,375.7293073861503,1.9155932679648016,0.2661490547428243,0.0013569166086279663
0.32,9.67,368.1157449264512,1.9151052403851505,0.2716536887602561,0.0014132658276235022
0.4,9.0,342.61031068645923,1.9135423032290635,0.2918767967012974,0.001630186192294871
0.48,8.49,323.19572641422656,1.9124270171390203,0.3094100318388311,0.0018308537393964082
0.56,8.0,304.54249838796375,1.911416172424058,0.3283613962889596,0.0020609119797359225
0.64,7.63,290.4574078375204,1.9106923609386977,0.3442845570526444,0.002264779122168684
0.72,7.3,277.8950297790169,1.9100754948737435,0.3598481055221475,0.0024733693466240394
